0.90800650191734
0.509250001883325
0.175612174742851
0.707562866873488
0.348803394359175
0.446940752175969
0.979021102330713
0.856453415618463
0.139227509620418
0.92416538664472
0.702509191431415
0.7935852246295
0.900580053353902
0.764917344728641
0.921776428692804
0.995929601161527
0.323606026718571
0.957473680616362
0.716202352215408
0.942345688456739
0.228314129934963
0.70387996323657
0.0439890022245862
0.374343773487334
0.97103526817326
0.979586619768989
0.50169431036801
0.970398065568516
0.667319925083731
0.833348316952165
0.395850036556684
0.703352812513306
0.722876067999136
0.693052485053578
0.314824712801724
0.861313807725818
0.958609203697875
0.428849447858214
0.85310757688858
0.709256672827102
0.620843912292126
0.0563948382589622
0.327338069168246
0.969052902476623
0.554497422966082
0.978858722110744
0.997298574838433
0.111713286225232
0.543165677522734
0.989020875107466
0.195534813534108
0.999305091908246
0.0304787555124038
0.994210571457298
0.338714010980966
0.546823068977734
0.165314418359961
0.763835073761695
0.954613261460039
0.873664355276194
0.668432016814565
0.795678232835375
0.945900913588772
0.636769249400637
0.795193444212755
0.77354043666858
0.627677951200461
0.406105657702463
0.416398780241468
0.275515871066825
0.618200006117603
0.704701783885012
0.196839399575222
0.889607207070659
0.906645068037962
0.864604508036997
0.546413179441929
0.0586721869859586
0.365148241885811
0.976515144991404
0.849689094481784
0.982794502455503
0.263296232352296
0.887772555702002
0.842730169695637
0.824046501599963
0.839557947262643
0.810257431735566
0.999545963114558
0.771019117532661
0.708480187382891
0.10456469999566
0.994107688706638
0.290917138307777
0.762234565869895
0.810526106394261
0.675705488183037
0.749335210626152
0.839763430706793
0.528878633178076
0.560742456303395
0.0547715517124694
0.947193973848921
0.309712666305646
0.979099862606599
0.129416513758747
0.85782031165303
0.988204888137883
0.7570979192935
0.438323154261348
0.202293859154381
0.220575512136476
0.0750403769505842
0.415581487460649
0.921541097077148
0.994545133115693
0.760080428028055
0.0104470821116108
0.178734128228823
0.735172231642238
0.333664240475336
0.297414028769845
0.958928404339802
0.555896347021099
0.197636397462633
0.977228700576381
0.683340913883859
0.0299108013209256
0.686997609931936
0.98265432995843
0.457799956595217
0.0834330647973185
0.606901718573126
0.177592223543326
0.948769630483962
0.447914006496269
0.183617352752911
0.945610064278442
0.999546982750292
0.758400875037301
0.853159491737898
0.424470442919926
0.30662255953672
0.840246845160833
0.271820604254566
0.928563653083343
0.680898260656297
0.243911294894513
0.281885551592584
0.568555069766601
0.428348058842853
0.309646313832526
0.981312072481238
0.910204615019023
0.117524286942058
0.956616070176812
0.397690883761999
0.98470696907989
0.0576328541892127
0.160738313923393
0.334956866537044
0.406735708489428
0.976526026861497
0.935238456557272
0.990192992387185
0.611619000733874
0.372793636958882
0.994105665305305
0.778397234741196
0.317183237252964
0.162774093233176
0.627775667845651
0.146159420047147
0.530646122694741
0.753129711371081
0.893476845186932
0.889988224962241
0.995253686697399
0.771476340668361
0.999541103566196
0.962164872775643
0.8112592447477
0.0924727428663178
0.998175582886026
0.438106417341181
0.876641758996713
0.38678519074704
0.319979157405227
0.548705641073411
0.106377736027605
0.478344405645286
0.370236002876056
0.262173728307502
0.899864852169203
0.494402233483514
0.995651875177439
0.348857497861487
0.881881746199348
0.996681755233353
0.435658499562405
0.904900848331219
0.821416213188001
0.998224269905524
0.931690776055018
0.393778570500043
0.00592573224060122
0.602932790848551
0.146932014514984
0.113575125695996
0.683244772038105
0.948912891782068
0.26759136743519
0.171407538841996
0.352442066126094
0.92092870335929
0.555816948567142
0.109425749541908
0.741641278949489
0.992938067814262
0.966898723847301
0.510028848009259
0.89439964475228
0.817808416332666
0.286323034959084
0.558629230480385
0.775615903777403
0.968924509856803
0.496226988889868
0.805879137389735
0.707959596799501
0.333679899661696
0.771157004789698
0.76209755508095
0.946814068706031
0.610232945875757
0.17570618057798
0.998984198362905
0.994465489322983
0.708391350274465
0.98854700739662
0.77413527366321
0.932659360451867
0.864915710054383
0.369094410813246
0.999928784457953
0.0849384546880079
0.225290904449781
0.70662985869285
0.444620018920516
0.944261490342551
0.12183608268957
0.819153146488317
0.945993621659618
0.574799240902487
0.144382573540327
0.880274933417952
0.433229352853335
0.350480690026723
0.816397633144809
0.41347021823235
0.00472685005478657
0.690215822730827
0.111006714239515
0.335208660170515
0.999751371610169
0.957089287689663
0.45063537140866
0.996388717115681
0.942446458897863
0.898766259352795
0.970607823069024
0.643270163530833
0.993811534661317
0.841093845440503
0.856936797922444
0.981660065279792
0.585002888960676
0.136086148250095
0.749861475221395
0.328236400899055
0.744491313345446
0.992554896409843
0.523643385407664
0.0859531376227787
0.685916712350744
0.721755603457663
0.605839207042145
0.595867496060517
0.983795623695729
0.405263798694195
0.992112618211193
0.957202250813247
0.693902851773636
0.961289723761494
0.585098097832485
0.936892620119957
0.0960591578798088
0.618423945549155
0.828608785350284
0.342381890115935
0.930124704508315
0.638217679496257
0.0924803698132391
0.972289562910217
0.775041155757151
0.762626382160117
0.920298764151386
0.688794133565302
0.500975334396825
0.773604030553712
0.9368145477703
0.991544709666869
0.7015963886323
0.694059167536558
0.443178949683973
0.813557409721374
0.552615641664485
0.605196657420907
0.822348496405593
0.999420336970395
0.852716930768745
0.133462238555831
0.98894405518162
0.953687486205201
0.130073483136531
0.647767046520487
0.851492073780425
0.779760416069542
0.989435756119149
0.843934059905655
0.849635439979289
0.881574246892967
0.271826396231498
0.206882039380544
0.917929476399482
0.809359142399914
0.990890118531239
0.493778864698593
0.596612742668193
0.125580934331309
0.519140226532589
0.974465160478174
0.89546023914794
0.343041507261613
0.824260227560004
0.939214870689181
0.332269797913531
0.9944855220232
0.93243957758002
0.536902555139029
0.626895322870475
0.988997108116434
0.990788225443865
0.882607344311751
0.363149911094558
0.756033685607176
0.954318939524805
0.975328035008624
0.995589452010057
0.784987538245545
0.898023754688216
0.236131892983738
0.972885556533617
0.870079981880933
0.438833433530915
0.779520677197975
0.907428129568904
0.97806312320801
0.364291972856297
0.410751592211554
0.887721403358927
0.999951948622941
0.228107192672467
0.407306514947828
0.456734006470386
0.865059853230876
0.769227815373519
0.543960455361024
0.924580300986283
0.326950884831363
0.485646339424519
0.426516596998211
0.984540493256904
0.99510265420802
0.422910514050565
0.902794934969171
0.123038700571049
0.663995123002983
0.597829457703161
0.986000560161404
0.764443565297919
0.750091046651456
0.134828451820932
0.705271691771013
0.989818474739193
0.984751918903024
0.512380100854744
0.162515277167479
0.0390519158371295
0.993300703169279
0.56039521590845
0.444493254987182
0.513828028360154
0.9737628530875
0.999666352390265
0.953919163146786
0.984497185223778
0.728169632588993
0.919158040475451
0.998237360536813
0.982932973742063
0.319753941565592
0.675675205569241
0.121673973963764
0.888714389351386
0.931781163259443
0.803325399030272
0.579877622409193
0.270295917174351
0.796473993623436
0.492694789870565
0.999487095561562
0.615973941627798
0.997194165698142
0.735148866386235
0.055670086615868
0.974275678676562
0.926835621139567
0.82817667831801
0.942378983762476
0.871220109478749
0.404904251157268
0.988797386634803
0.972349439300489
0.840924626531905
0.866188796604034
0.734571514517458
0.912944580765763
0.867886848497811
0.333356592673773
0.323246769127339
0.654904772643878
0.101538376678386
0.236697663361405
0.921635480681734
0.525301434497813
0.284189160389568
0.973476554863122
0.979073207945785
0.53614707308791
0.86877007609482
0.755075697395529
0.955715321034894
0.294716913641465
0.548383826704631
0.99918889226023
0.0913260349803442
0.984046704921994
0.773429136575539
0.613551103974622
0.941697395853519
0.777761890104057
0.959937874021482
0.468391519137098
0.895062046874284
0.983989114132386
0.95389109344131
0.999974293138503
0.712101532295297
0.998213389460103
0.983882427032876
0.314544836773929
0.297506621133517
0.953231973063607
0.905401825735518
0.531492985321959
0.209642096843999
0.900362693076493
0.956548310748884
0.338721214844041
0.0926886290162431
0.71418994250119
0.583352098318295
0.248211627315763
0.994960860489335
0.702069054507931
0.16069776358562
0.989949911190821
0.994985145950692
0.994297471917387
0.60015919195358
0.36721870047698
0.110978396693553
0.774500535577934
0.886186398027439
0.585802672087309
0.199445721880354
0.601250492518309
0.802850531720623
0.535764380084591
