0.762910063671294	1.70001406927069
0.500597579949921	0.925858503985605
0.311734432380342	0.544127156750926
0.652275310863137	1.3043495084032
0.322589294901898	1.24758520108726
0.485285886927787	0.83129898867691
1.06555899071419	1.81840070525096
0.815437395568569	1.62136500396356
0.285143133033881	0.713631600621039
0.935635216030269	1.70148753976354
0.476193315709783	1.47382709117311
0.768556802428767	1.32513939043272
0.745883744089784	1.68874814884822
0.705330740668698	1.52067811438709
0.707189380815154	0.722957335337898
1.0123609033459	1.2195099132647
0.391453524121182	1.1326448817282
0.864551781081212	0.924645731561434
0.670437682979981	0.910340874084512
1.03716773624677	1.35534023764688
0.288469264077493	0.459910732022025
0.647484204115649	1.24475285093144
0.171057697678142	0.249724497147062
0.416921350483427	0.815551698750461
1.12873640301224	1.50697336852137
0.9888632147576	1.12428822987744
0.459969439394487	1.10417213345849
0.930054801263286	1.85952446281761
0.624142524826195	1.124281030421
0.774893615318388	1.59450547412775
0.397104708328221	0.902583379148815
0.5011558066644	0.587440820369892
0.675407520485268	1.36559344803837
0.505835567855194	1.46189354851182
0.33755701423217	0.897988354941499
0.877685668050297	1.40517443242575
1.05950324554586	1.68732550778084
0.404810586791957	1.04052475521947
0.709416647703118	0.836713058902613
0.676009181905774	1.44720059867972
0.436358818061813	0.525169750884339
0.248879180056993	0.455755348783005
0.345775327016452	0.899035797524118
1.03350707933826	1.23025635186171
0.502062443828075	1.14619123698012
1.07719373003348	1.3284055527649
0.922602769766845	1.87336080529439
0.236172573133018	0.85389099964371
0.531293621721266	0.945287842272369
1.06613708223065	1.8770736456461
0.345344335598795	0.60968369228199
1.06507516174898	1.66655859502354
0.193907038925231	1.14654528620841
0.992034633419861	1.15849915543516
0.370171437912569	0.844469702976704
0.513094382585459	1.00030441721106
0.346379345477437	0.628693418539008
0.727706839197244	1.28556512445856
1.02436201931571	1.73077879828063
0.90491537592526	1.380726230621
0.637168510269423	0.888535676442136
0.600083205585792	0.692035858256235
1.04828211990795	1.594545436787
0.582147321003255	1.1352665056854
0.762470107985064	1.50867453729115
0.762765626653181	1.19455561064844
0.574180768547388	1.24304873633738
0.387023397890269	1.01535718066746
0.435369079659469	0.8568563316546
0.210139610714902	0.234215802889009
0.606180416918033	0.989955180589714
0.538741447640442	1.46962154810675
0.231905078682904	0.337052331706365
0.854505622928974	1.06970904714615
0.764982691117984	1.69768120449917
0.8728248286433	1.46631699664513
0.543688940532612	0.929056202011289
0.240535667469766	0.709832571284886
0.29796480972009	0.400747317379957
1.1309538310147	1.52600565051987
0.873724684063961	1.26149337803075
1.11529006618185	1.45942049655242
0.337598156818287	1.19092904443956
0.777048866184157	1.66762057055133
0.861543925894915	1.14802346024339
0.831038795388799	1.26766318499626
0.657489135939918	0.752934834998391
0.780854063821544	1.49234625302773
1.05495937329018	1.69008712211856
0.595912297743598	1.53101607041735
0.66041180256503	1.35385233604098
0.234769283802786	0.394565527569108
1.08511696323238	1.40844305381596
0.383399591029399	1.19392935158011
0.750803920939415	1.17001719892569
0.780398651506725	1.02694505547729
0.621779789709611	1.43892739087263
0.532645937664359	0.606905468882918
0.830686172218755	1.0906100503446
0.493947408893118	1.17446004276627
0.502826749463246	1.1136497001859
0.187583672894787	0.29247834331977
0.866000636965899	0.961978626922636
0.402882968993986	0.745509085465352
1.04333272428646	1.84136160152427
0.261734557219636	0.755664020192664
0.806936645261817	1.02066792625549
1.0010714096382	1.15814452952628
0.532611858280592	0.599023814959668
0.436634439878	0.90032880231349
0.359204856388449	0.6785420532694
0.304751829819008	1.17874731437042
0.228154765107983	0.392819404500851
0.45837119647846	0.818815392047022
0.936991778230709	1.68610229508993
1.11765558404864	1.58720784184539
0.77023186417583	1.07448812200974
0.198947848401737	0.347058876998496
0.343687320881678	1.14100032538098
0.700165452070778	1.46779062609026
0.419768003890073	0.754847989327987
0.207710524855445	0.214642434913928
0.933718563407397	1.8122928672244
0.549844472787119	1.31971036049236
0.328429623810834	1.06549542381082
1.12594432375557	1.49328632621257
0.645697890212189	1.12608542608971
0.229447295673783	0.904754295962523
0.678868801864517	0.953495273665246
1.03945721199555	1.85985291844985
0.458451439540632	1.17563597686382
0.294052121583641	1.0513389912716
0.458858537703446	0.583194802498138
0.204480944871769	0.274461983675004
0.988706521367085	1.74837058261352
0.50105031835302	0.812827586656579
0.249593476853043	1.18605559537624
1.04038667465998	1.62004595130189
1.05491244051412	1.68908161533803
0.586534120076508	0.70485334860085
0.869694500045178	1.35503606503017
0.417374822727076	0.917283767784617
0.300545972973828	1.23069195516107
0.840832412921526	1.38372126731899
0.256882926362874	0.357786470705019
0.83861437019726	0.962097490893879
0.633001193204254	1.3312990516753
0.285522058714531	1.20066397275438
0.257317826514617	1.23759742140725
0.393536564079961	0.475385796395978
0.415290080054572	1.07831706599975
0.386467942855067	1.1317911915283
1.09149709389221	1.78875742665168
0.833452097752077	0.995430944866446
0.160231749802813	0.178497773172319
1.00693435038995	1.22159882545095
0.330237097800266	0.454747397680324
1.13319333455905	1.65456687379077
0.303570249591719	0.587897454629418
0.183954449964	0.225938249972893
0.304740207276734	0.43538103649156
0.431015378931972	1.25578568540184
1.11976339058495	1.68925860077619
0.821989170465369	1.75917966659528
1.10071677373447	1.43431175368562
0.598069780416431	0.859257139874266
0.400053433882328	0.843533535994845
1.10585711514003	1.75402559446528
0.681337076960134	1.53556426151097
0.364777044744632	0.815915611458413
0.299519987898413	1.01177360152872
0.382811945082748	0.405459338717291
0.249972382989215	0.86967074378437
0.345712346582732	0.398682473086811
0.721305291513917	1.23594218643476
0.707319859574928	1.67908624785152
0.798651509082432	0.959039542686682
1.05577876018596	1.32626790758458
0.763268945497743	1.17778471320989
1.00571499993278	1.24575877976788
1.09836144358299	1.45722059495195
0.780741811297127	1.55216630458389
0.198864746193441	0.304707144905853
0.966437802999042	1.13272238045441
0.458134337344444	0.856976879543862
0.915408706509933	1.28121084345827
0.389053895112101	0.904251415954876
0.431482831557512	0.726534385076955
0.553454358998403	0.916928087763206
0.30127368086244	1.11775601828697
0.474554385555118	1.29720451220232
0.366331843389371	0.953779906928712
0.270758564409761	1.21863071998857
0.810483841420221	1.68415559708055
0.527957353112771	0.807893987582548
1.09305659538863	1.78204031471891
0.383086965644277	1.22914301556676
0.78869378340484	0.951553984610898
0.961108553543103	1.1057695090709
0.427733717991728	1.10880120870912
0.960964001373509	1.32322071132542
0.818982780692954	1.31388105569952
0.999356322135247	1.20979557456955
0.898803610641007	1.73861495038258
0.397108639105237	1.06913257714269
0.138684172490587	0.16716412578707
0.440956577606218	1.39420049446048
0.228014683643489	0.354321037711709
0.259910963848376	0.735905568255254
0.620945806314735	1.24259594588311
1.00681321196329	1.24827253389243
0.331811677493912	0.803233049406496
0.286237288429396	0.486392543115647
0.400557739380542	1.12967260060811
0.987419974138198	1.31136125450505
0.424558714311428	0.551092843571536
0.272900054612902	0.487629900136736
0.45831490485869	0.463385098296549
1.12652027724126	1.66308198637144
0.882406790886747	0.924675106915387
0.395247889794155	0.522202893504619
0.844861438219202	1.67278363457951
0.739330848159816	1.57747962902541
0.348613438734218	0.564872604866877
0.582977948177507	0.890546110158687
0.736337931388782	1.42081365387866
0.955532457206751	1.84455321239529
0.532756006543317	0.848409783526117
0.734641962732929	0.943092650549296
0.653624951213057	1.46681544867104
0.296388547645314	1.24891748210545
0.741378974173228	1.27599103679323
0.716488672016305	1.3619713609257
0.911077093402335	1.77813439986151
0.412566421110837	0.483553317864148
0.270721895679844	0.81655240553805
0.936428372865181	1.8525627715286
0.938613217547895	1.03886334876566
0.490665822880595	0.561481457095846
0.934633511764156	1.01014859689695
0.731198438504929	1.36352810572482
0.936860911312278	1.73233642917755
0.695438418234831	1.63831783963846
0.388226514337515	0.863094353238051
1.04537581073277	1.38273852647439
0.234021826861901	0.877603467302872
0.292180611928472	1.1869176001656
0.647945383770089	1.27941154080599
0.447019697934636	0.891034864656875
1.00872171139053	1.69007009505003
