0.494348759995773
0.945518748601899
0.523562534246594
0.973136072279885
0.157499624649063
0.519026031484827
0.573031043866649
0.208325359970331
0.479460516944528
0.610716110095382
0.454511779826134
0.419626569375396
0.483827255666256
0.373517620842904
0.730438377242535
0.665145041188225
0.42440623533912
0.218497619731352
0.569266383070499
0.586752032395452
0.286478610010818
0.536741698160768
0.746170573635027
0.978033296065405
0.710502484580502
0.706675138091668
0.0170498311053962
0.0926152470055968
0.0895725630689412
0.280783616239205
0.800933936843649
0.030312896007672
0.0843389621004462
0.211630603764206
0.846115267137066
0.255410979269072
0.271536977495998
0.0349811783526093
0.279244053876027
0.0676996333058923
0.5726226803381
0.988283942919225
0.64005939126946
0.043896856950596
0.757066854042932
0.389753395924345
0.848891108296812
0.961309039965272
0.535615437431261
0.454476565355435
0.16577165806666
0.334284725598991
0.642326081870124
0.0855623795650899
0.891973939724267
0.981815747218207
0.442841344512999
0.527142076520249
0.317415178287774
0.130773235810921
0.29890610021539
0.683267125859857
0.47459191060625
0.364418792072684
0.460773796075955
0.540161313023418
0.584107001079246
0.465399511391297
0.0877465368248522
0.186733261682093
0.724330998957157
0.0565853614825755
0.852475854102522
0.523374281357974
0.718520901165903
0.189250364666805
0.809132958762348
0.827143844449893
0.103463567327708
0.609425171045586
0.675012045307085
0.91940825083293
0.888419868191704
0.595396349206567
0.676077820826322
0.320743006886914
0.194727837573737
0.711547608487308
0.899602559395134
0.187313520582393
0.0377734419889748
0.608967781998217
0.452447810675949
0.191834274912253
0.513385228347033
0.299144692020491
0.342755210120231
0.797563284868374
0.738080865936354
0.639209957793355
0.0121346062514931
0.297037782380357
0.973468469921499
0.647673595231026
0.748246815754101
0.258966983528808
0.652099675731733
0.250330728013068
0.119530557654798
0.453286726493388
0.414710737299174
0.0352005213499069
0.223548294510692
0.357344564981759
0.653127736411989
0.35333592700772
0.361180844716728
0.395086045842618
0.378969801357016
0.976543731521815
0.289835684932768
0.878788941074163
0.871184232877567
0.473033301765099
0.802256042836234
0.0061540228780359
0.389775208896026
0.829891922418028
0.751579005969688
0.884067979408428
0.0164928147569299
0.59386810194701
0.605327451135963
0.000501516973599792
0.14073546952568
0.40438652667217
0.203718914883211
0.321112025761977
0.529940114822239
0.3519142200239
0.936921203741804
0.624972445424646
0.941875232616439
0.890142657794058
0.752999969990924
0.520622236654162
0.0898256397340447
0.609793199459091
0.959844786906615
0.349600749788806
0.0850376733578742
0.649303275858983
0.824561692308635
0.602762631606311
0.719464836176485
0.170709919650108
0.814750108169392
0.416732662124559
0.0527172626461834
0.94753400911577
0.882156436564401
0.530147280776873
0.927691619377583
0.561911440454423
0.54834776557982
0.866449888795614
0.903619738528505
0.566002125618979
0.922382633667439
0.895919062430039
0.0617733714170754
0.117135600885376
0.384963700082153
0.826364040141925
0.683797243749723
0.948231560876593
0.327568595996127
0.685244222404435
0.887196861905977
0.165700309444219
0.236843243939802
0.00991121190600097
0.957750007510185
0.658841217635199
0.872672227444127
0.752815807471052
0.228340125642717
0.90373044507578
0.959966481896117
0.697442947421223
0.970589718781412
0.762196053983644
0.22913804394193
0.585546660935506
0.528964437777176
0.612836086889729
0.362300065113232
0.803992753382772
0.245357628213242
0.742611858993769
0.582930165110156
0.235582457389683
0.0972229982726276
0.850072001572698
0.930513452040032
0.170385960955173
0.753720847889781
0.819159713340923
0.208946377038956
0.809037299593911
0.421534864930436
0.938440210418776
0.445804356597364
0.620801667449996
0.710939511423931
0.065411081071943
0.255271267844364
0.285667584976181
0.351983476895839
0.360714688198641
0.0690273016225547
0.231182341231033
0.79654867737554
0.686731436057016
0.588058757595718
0.735770874656737
0.794071918586269
0.451982194790617
0.218832036480308
0.604629922425374
0.827723923837766
0.33446470159106
0.348487412789837
0.596263420768082
0.553371528396383
0.765409832820296
0.949549841694534
0.929303876357153
0.537467466667295
0.60128863924183
0.713230449007824
0.0206060765776783
0.854310453403741
0.695638702716678
0.0342821788508445
0.106807119911537
0.00233764201402664
0.0646464382298291
0.124613102525473
0.231985258869827
0.32654774771072
0.823731876211241
0.527052513090894
0.591360801365227
0.839714772067964
0.842846747254953
0.74472998525016
0.563247337238863
0.462204003473744
0.344736844534054
0.309132025577128
0.622151960385963
0.22367514623329
0.69262800575234
0.678926294669509
0.856436769710854
0.751150901196525
0.024847388966009
0.833614229690284
0.160856571514159
0.100707625970244
0.0270518057513982
0.169042236870155
0.618015838554129
0.433135165134445
0.708477626554668
0.332835258217528
0.640592312905937
0.766672675264999
0.583308027358726
0.268335533328354
0.757885731291026
0.577787691960111
0.628539505181834
0.254102420527488
0.952424073358998
0.313368746312335
0.984905914403498
0.899725468829274
0.390737116569653
0.0081892644520849
0.465679920045659
0.971501602325588
0.747580995317549
0.377254032995552
0.427320054965094
0.717591079650447
0.561621295521036
0.0799539827276021
0.259950457606465
0.594845448620617
0.831379018258303
0.921661479864269
0.813138932455331
0.750410770531744
0.88478082488291
0.9410121710971
0.337725778343156
0.0112396122422069
0.5465554271359
0.395175451412797
0.732999751344323
0.525789687642828
0.198035199893638
0.226358836051077
0.565255344612524
0.907145085278898
0.528711619321257
0.9421276464127
0.820106341037899
0.941751405596733
0.212819412583485
0.720615913625807
0.913247587392107
0.737415673909709
0.998003908200189
0.595362595049664
0.711556872818619
0.624669349519536
0.726253711152822
0.335348604712635
0.721770257921889
0.974666613852605
0.534571695141494
0.547438331414014
0.320727187208831
0.20666442066431
0.876099656801671
0.283776545664296
0.550695907324553
0.71106604905799
0.874756684992462
0.291959249880165
0.11715763155371
0.295509935123846
0.503700401401147
0.358806669479236
0.623813149984926
0.17559331189841
0.226858707610518
0.349502068478614
0.888983437791467
0.392500492744148
0.799577428726479
0.311553621198982
0.831399142974988
0.509894870221615
0.788978900993243
0.889196312287822
0.545032840687782
0.19302484835498
0.152623212663457
0.130768429022282
0.289313640445471
0.996393513400108
0.93203718890436
0.33262830064632
0.281691526994109
0.188291055615991
0.954853050410748
0.924086455022916
0.197153874440119
0.651908591389656
0.176776299718767
0.1103710019961
0.843525477219373
0.0440690114628524
0.391207304550335
0.62823737715371
0.142873517703265
0.0102927824482322
0.766715375240892
0.539734033169225
0.49853986967355
0.514006522251293
0.721375402528793
0.709434396587312
0.517011621501297
0.702693716622889
0.90213746484369
0.495619877008721
0.0730688094627112
0.0261725303716958
0.617736645508558
0.0030692471191287
0.223260316532105
0.0192911457270384
0.0684907457325608
0.539112416096032
0.0353592920582741
0.609381143003702
0.920165150659159
0.297209317795932
0.475395958870649
0.604444667929783
0.371497966116294
0.116452425485477
0.577393856132403
0.5679166179616
0.212113007903099
0.993461932521313
0.507895737187937
0.195277602877468
0.273532893043011
0.0652908086776733
0.641415573656559
0.738006309606135
0.764035037718713
0.55160283553414
0.47654036572203
0.336680119857192
0.104037170298398
0.983719285577536
0.513483070069924
0.314410987542942
0.251149795018137
0.145373209612444
0.26438848208636
0.222374542849138
0.472564881201833
0.129822849296033
0.0375890170689672
0.635513713816181
0.938804888864979
0.746100776363164
0.570783285889775
0.828178343828768
0.716444431338459
0.525610102107748
0.695538075640798
0.723587296437472
0.257078782422468
0.283575238892809
0.749691552249715
0.45133732794784
0.961019733920693
0.870495930546895
0.982086843112484
0.495489159598947
0.564815919846296
0.96120695839636
0.898118347395211
0.973459218628705
0.964614014606923
0.472467216895893
0.993742132792249
0.404092010110617
0.24706107401289
0.837278720689937
0.682327279355377
0.757105440599844
0.325670197140425
0.951659409794956
0.0383250650484115
0.378298714058474
0.0955705048982054
0.185623653931543
0.065947393886745
0.318258212180808
0.533340559573844
0.142484198324382
0.431518023600802
0.269517430802807
0.321392208104953
0.13789289444685
0.751402028370649
0.678515029139817
0.808707280317321
0.401402519783005
0.221536548109725
0.511326394509524
0.933180895633996
0.183388277422637
0.366122131701559
0.459942430723459
0.573314545443282
0.256059137638658
0.994732805294916
0.571865044999868
0.126298752613366
0.361171744531021
0.433466376503929
0.751833119429648
0.0178573681041598
0.484249011613429
0.390155798755586
0.422861610539258
0.0959487229119986
0.718048786278814
0.262850327184424
0.910804213723168
0.209369848715141
0.194718304090202
0.139014210319147
0.590450879652053
0.197044647764415
0.104572791373357
0.521803798386827
0.301543335663155
0.533740986138582
0.167978369863704
0.515365524217486
0.108275440521538
0.104232119163498
0.358506347052753
0.102578797610477
0.347336346516386
0.841786377830431
0.882860609097406
0.860268721589819
0.378146154107526
0.798022149363533
0.197455524234101
0.415566992247477
0.704101586248726
0.343427526531741
0.613017065217718
0.0631069603841752
0.374046992976218
0.891652437159792
0.479316956130788
0.704730929341167
0.789670007303357
0.698080808389932
0.84698060946539
0.828479745658115
0.826134049333632
0.645668589277193
0.886996516957879
0.31929068826139
0.747970826691017
0.102181916357949
0.400921805528924
0.229612034745514
0.819071618607268
0.267145864432678
0.726392491487786
0.637010243255645
0.612897953018546
0.706711964448914
0.722059182124212
0.910403391113505
0.778285125270486
0.4982839981094
0.785816845484078
0.216692533576861
0.922478739637882
0.280338477343321
0.883683293359354
0.760937612270936
0.464631096459925
0.0263707027770579
0.789271916029975
0.0988013774622232
0.859338570153341
0.0281817517243326
0.0584817798808217
0.533859404968098
0.799501212313771
0.48464099294506
0.425561905372888
0.42455091048032
0.0328709210734814
0.685980445006862
0.216826301300898
0.196194129064679
0.141659864457324
0.457772592548281
0.041526947170496
0.339931925060228
0.198141486151144
0.77413266338408
0.455120508791879
0.141797430580482
0.982512273825705
0.27074256236665
0.746222677407786
0.614361451705918
0.310873162467033
0.807564561022446
0.633839570917189
0.740599499549717
0.545999547000974
0.514507328160107
0.362956897588447
0.368633885169402
0.347869907971472
0.115533378673717
0.506145423045382
0.412346099270508
0.063634233083576
0.306774136144668
0.551836832659319
0.972689147805795
0.133190854918212
0.611417249077931
0.382031897548586
0.603940467815846
0.0681830625981092
0.770464420085773
0.238944041077048
0.808114066952839
0.517227294621989
0.873531388817355
0.110766593134031
0.293736763531342
0.83750859531574
0.799527694005519
0.0984551878646016
0.506136652315035
0.621882577659562
0.12261774437502
0.483851450961083
0.0167594831436872
0.486776958685368
0.296927506104112
0.842943082097918
0.111756125465035
0.204599378164858
0.128350735874847
0.268053445965052
0.250440233154222
0.443618236808106
0.255202290834859
0.408383462345228
0.82614478468895
0.531866613077
0.154460024088621
0.990218587452546
0.383049379335716
0.0797102996148169
0.648410613648593
0.281046201474965
0.758897322928533
0.900517181260511
0.992173241451383
0.0677812183275819
0.936217164620757
0.362965161912143
0.0188427499961108
0.500608387170359
0.536844269139692
0.482512452406809
0.813752252841368
0.0794087431859225
0.457513273693621
0.760998320765793
0.580393495270982
0.915278958855197
0.109469670336694
0.723555163946003
0.307006928138435
0.501390972873196
0.416001632809639
0.0182167731691152
0.603732338175178
0.626083445269614
0.987447575200349
0.240639528725296
0.265781743684784
0.730729496804997
0.211599358357489
0.80246257619001
0.822994762798771
0.68588342401199
0.374695335514843
0.420212883036584
0.0601750125642866
0.682049680966884
0.730108183575794
0.251388141652569
0.67024192144163
0.273287877906114
0.850229890318587
0.260105558205396
0.731944377999753
0.843778671696782
0.603942596819252
0.227759402245283
0.462004204280674
0.425447885179892
0.396604500710964
0.241438773460686
0.76729738060385
0.308964624535292
0.739258229732513
0.256939323153347
0.810697674751282
0.082569679711014
0.966190000297502
0.497864707373083
0.747112133307382
0.485162968747318
0.653752576094121
0.93925910606049
0.0462778171058744
0.409804508555681
0.625260314205661
0.0337956838775426
0.238380254944786
0.646958776749671
0.802587198559195
0.0924605503678322
0.409981400705874
0.874858140945435
0.29674589028582
0.568823109613732
0.534582091029733
0.496279488317668
0.744748172350228
0.476545777637511
0.785743840038776
0.99690817669034
0.0100698317401111
0.696888806996867
0.617698813090101
0.988864688901231
0.200308448867872
0.747863329015672
0.927904369309545
0.90350869554095
0.682049004593864
0.0189341967925429
0.82527253893204
0.465001383563504
0.248551630415022
0.671451781876385
0.450182378757745
0.985295198392123
0.787553012138233
0.669035922270268
0.671999641694129
0.228641639929265
0.639769069617614
0.578827968100086
0.884929353138432
0.653843262465671
0.35409465408884
0.719802597304806
0.50148577010259
0.428407775470987
0.490749790100381
0.32508437614888
0.10438167466782
0.193717688554898
0.232369136065245
0.700074111111462
0.673618198605254
0.144250592682511
0.927885307231918
0.686432268237695
0.619257159763947
0.444452412892133
0.408076951513067
0.461632184218615
0.833868268178776
0.282630327856168
0.129855335690081
0.0204034384805709
0.101819983683527
0.773516646353528
0.731410327367485
0.0088388838339597
0.895666679600254
0.906483804108575
0.307304838206619
0.388631329871714
0.392006859881803
0.539528428344056
0.42499078810215
0.970222956268117
0.457282552029938
0.515868477523327
0.909291541669518
0.818367894506082
0.744779519969597
0.802649674704298
0.83151383488439
0.300501313060522
0.929952025879174
0.962609331356362
0.767796352505684
0.180734258377925
0.349513796856627
0.341727637918666
0.839647925691679
0.492103243945166
0.602971214568242
0.169505307916552
0.554772235453129
0.852952372049913
0.166583369020373
0.54532018955797
0.517355225048959
0.954320468241349
0.307956727221608
0.447193379048258
0.170588199282065
0.0117580145597458
0.760508677223697
0.69663727353327
0.255383455893025
0.358133846661076
0.188939571147785
0.262161394581199
0.607728994684294
0.194015297340229
0.344391257269308
0.21099095325917
0.0203249612823129
0.306725437054411
0.0409293952398002
0.600312122609466
0.750738239614293
0.762133477954194
0.476685461122543
0.152175900759175
0.218436836730689
0.613199611194432
0.533440198050812
0.888874486787245
0.319843616103753
0.468802407383919
0.231358920922503
0.671524910954759
0.78273064061068
0.767537930747494
0.900214359629899
0.406914014136419
0.768628705758601
0.407442374154925
0.726376492297277
0.752621789230034
0.496696011861786
0.596627993974835
0.368321213172749
0.0404486756306142
0.444324538344517
0.47513101506047
0.0547410612925887
0.721099156420678
0.701444298261777
0.0720640444196761
0.825876442715526
0.578016372164711
0.86860126699321
0.162947658449411
0.266048852354288
0.726275797234848
0.301271353615448
0.406963167944923
0.550675095291808
0.134022996062413
0.581197872990742
0.591824879404157
0.930872617755085
0.137802160810679
0.748443234479055
0.931728770723566
0.937367846723646
0.180588521063328
0.569387872936204
0.936914878664538
0.663382811704651
0.721717868000269
0.576889458345249
0.0614667327608913
0.765111648710445
0.921688164351508
0.149211671901867
0.310248719062656
0.752376953372732
0.329006568761542
0.823610704392195
0.818054554518312
0.98470693314448
0.384787101531401
0.988492711912841
0.72997326683253
0.737435683375224
0.579902412369847
0.425064872950315
0.192238027695566
0.614115348551422
0.452209540177137
0.948618377791718
0.527335098246112
0.208915800089017
0.306159096537158
0.389957812381908
0.892460204660892
0.874364780727774
0.948419769527391
0.003537513082847
0.715009032515809
0.386752694146708
0.532805504510179
0.371015993645415
0.1156581917312
0.0761747979559004
0.203139947960153
0.0847339120227844
0.347460510674864
0.37508914177306
0.113249291665852
0.860768913757056
0.436252812156454
0.610532497987151
0.899368244223297
0.255336307687685
0.508066260954365
0.506127926521003
0.582279173657298
0.583954135421664
0.131520956056193
0.590227482607588
0.958109801169485
0.738269244786352
0.9232560666278
0.354882430285215
0.65757298655808
0.864446313818917
0.0186505725141615
0.0294164884835482
0.120537298498675
0.359417130006477
0.522129003657028
0.29498485266231
0.926960040582344
0.277822617208585
0.633992151357234
0.589514412218705
0.292449746048078
0.705386962043121
0.0354122470598668
0.18983821128495
0.350441265152767
0.555833966005594
0.994708701502532
0.718804969685152
0.541406919248402
0.605865814723074
0.915682671358809
0.0581603525206447
0.867811000905931
0.106705144746229
0.627864999929443
0.711853027809411
0.700762294931337
0.778153891442344
0.364966731751338
0.121850732248276
0.371206777635962
0.0116580300964415
0.0215481666382402
0.716719518182799
0.634953153785318
0.57526462408714
0.228598322253674
0.838946489850059
0.929122497560456
0.643611612264067
0.524815668351948
0.245474472176284
0.255348929902539
0.0810172744095325
0.177349424920976
0.560857610078529
0.441288902889937
0.871437379624695
0.780224614078179
0.180994406342506
0.218454015441239
0.762440514983609
0.278264863649383
0.0791530013084412
0.836722456850111
0.312085062963888
0.924184331670403
0.611323523567989
0.850364274811
0.784945023246109
0.400359433609992
0.195033996831626
0.662488578353077
0.0542716789059341
0.980440488550812
0.822861798107624
0.743132288102061
0.63594290567562
