0.30330429947935	0.937104005599394
0.700535508105531	0.425260924035683
0.907958052586764	0.232392724370584
0.540774567751214	0.65207419754006
0.806967536918819	0.924995906185359
0.743679533014074	0.346013101749122
0.144840939203277	0.752841714536771
0.378875420661643	0.805927608394995
0.927778254961595	0.428488467587158
0.275380851468071	0.76585232373327
0.545427179895341	0.997633775463328
0.454328928608447	0.556582588003948
0.315309287281707	0.942864404758438
0.484853230649605	0.815347373718396
0.279684771317989	0.0157679545227438
0.0637996774166822	0.207149009918794
0.822431743843481	0.741191357607022
0.206219105282798	0.0600939504802227
0.532726616365835	0.239903191104531
0.240113122388721	0.318172501400113
0.878456527134404	0.171441467944533
0.544169125147164	0.597268646815792
0.977758148917928	0.0786667994689196
0.790984340244904	0.398630348267034
0.170190281234682	0.378236965509132
0.142875401070341	0.135425015119836
0.705907706171274	0.644202694064006
0.172052127076313	0.929469661554322
0.576784253353253	0.500138505594805
0.408229938941076	0.819611858809367
0.777270843042061	0.505478670820594
0.544653272721916	0.086285013705492
0.526425618678331	0.690185927553102
0.554028442362323	0.956057980656624
0.827753155957907	0.560431340709329
0.372405950911343	0.527488764375448
0.203447281382978	0.627822262234986
0.75574503117241	0.635714168427512
0.383265473414212	0.127296411199495
0.539206200977787	0.771191416773945
0.615756516577676	0.0888109328225255
0.971393412444741	0.206876168726012
0.820159698370844	0.553260470507666
0.175917871529236	0.196749272523448
0.667459794320166	0.644128793152049
0.145400405395776	0.25121182273142
0.0519752360414714	0.950758035527542
0.9424896358978	0.617718426510692
0.675895200809464	0.413994220551103
0.104781319387257	0.810936563415453
0.896919832797721	0.264339356683195
0.0263611094560474	0.601483433274552
0.984642698895186	0.952638247283176
0.0760882943868637	0.166464522015303
0.813194926828146	0.474298265064135
0.673184173181653	0.487210034625605
0.913611285854131	0.282314073061571
0.485968030057847	0.557858285261318
0.213041635695845	0.706416778964922
0.355437258491293	0.475810854695737
0.575819401536137	0.251367166172713
0.45201965351589	0.0919526526704431
0.232592103071511	0.546263316879049
0.602686278754845	0.553119184682146
0.452555583091453	0.74620442930609
0.475877676857635	0.431789983995259
0.610181980067864	0.668867967789993
0.770645406330004	0.62833378277719
0.763937968527898	0.421487251995131
0.851166334468871	0.0240761921741068
0.617899663280696	0.383774763671681
0.543413485400379	0.930880100466311
0.896192278712988	0.105147253023461
0.332254108972847	0.215203424217179
0.30554039333947	0.932698513381183
0.36796126421541	0.593492168001831
0.673488545231521	0.385367261478677
0.970220497110859	0.46929690381512
0.796775851864368	0.102782507659867
0.153247691690922	0.39505181950517
0.387699504150078	0.387768693966791
0.131169728003442	0.344130430370569
0.858314492274076	0.853330887621269
0.335003648186103	0.890571704367176
0.396572604076937	0.286479534348473
0.419468113686889	0.436624389607459
0.400552184786648	0.0954456990584731
0.435594499809667	0.711492189206183
0.0213081412948668	0.635127748828381
0.478519469266757	0.935103772673756
0.539925747318193	0.69344053347595
0.946274431655183	0.159796243766323
0.0767613919451833	0.323326090583578
0.84207057999447	0.810529760550708
0.487611970864236	0.419213277986273
0.435285990592092	0.246546403970569
0.569468622328714	0.817147601163015
0.500664348015562	0.0742595312185585
0.400295602390543	0.259923878125846
0.686382813611999	0.68051263387315
0.662765074288473	0.61082295072265
0.97222859878093	0.104894670424983
0.229795618215576	0.0959779899567366
0.830835322849452	0.342626116471365
0.144568798132241	0.798028877237812
0.933050634339452	0.493929462973028
0.377067219931632	0.21373128099367
0.108605303103104	0.157073119888082
0.49285097210668	0.066411956679076
0.749451029580086	0.46369436243549
0.893143964232877	0.319337196880952
0.88285020692274	0.873995484551415
0.961748211877421	0.164664639392868
0.764472702285275	0.360444195568562
0.280105164041743	0.749110516859218
0.0738570706453174	0.469552257796749
0.489815855165944	0.304256257833913
0.994762744521722	0.148111028596759
0.906237205024809	0.797313004499301
0.514614193700254	0.767625174019486
0.81629391736351	0.335079985437915
0.838204015279189	0.00693191005848348
0.202661283081397	0.878574303817004
0.66641102405265	0.769865887705237
0.895747510483488	0.737065799999982
0.150901621673256	0.367342002457008
0.562724698334932	0.480387535877526
0.984931062906981	0.67530700028874
0.559466165257618	0.27462647180073
0.131702961400151	0.820395706454292
0.73634234117344	0.717184537323192
0.957375023281202	0.75728686968796
0.626975503051654	0.124336264794692
0.906867011450231	0.0699810388032347
0.22634126781486	0.75966406124644
0.743024894269183	0.311777268303558
0.903538957238197	0.936462118523195
0.233216499676928	0.579659276641905
0.021284201880917	0.63416917482391
0.491527338977903	0.118319228524342
0.383197740418836	0.485341564984992
0.758636643644422	0.499908945057541
0.832692884840071	0.930145982187241
0.399691324448213	0.542888854397461
0.853334281360731	0.100903544342145
0.267275788122788	0.123483120696619
0.564890909241512	0.698297858471051
0.869533613556996	0.91514191403985
0.847416337113827	0.980279594892636
0.656844677403569	0.0818492323160172
0.756076676771045	0.66302698594518
0.830875253072008	0.74532324867323
0.136703794822097	0.69726033275947
0.299658780917525	0.161978847114369
0.939401784678921	0.018266023369506
0.208288093330339	0.214664475060999
0.776085766032338	0.124510299880058
0.123664994724095	0.521373539231718
0.970755966147408	0.284327205037698
0.916112267179415	0.041983800008893
0.815501767909154	0.130640829214826
0.7702365166042	0.824770306469873
0.15321218338795	0.569495210191235
0.254482894204557	0.937190496129915
0.099030336830765	0.333594979951158
0.62320221378468	0.261187359457836
0.791963612195104	0.443480102112517
0.0767745706252754	0.64816847932525
0.470747028943151	0.854227184550837
0.826327273389325	0.45113856671378
0.915000495500863	0.71225361363031
0.610101903090253	0.0226473936345428
0.924034945201129	0.619698360795155
0.685094064567238	0.0529701265040785
0.49686043174006	0.514636894920841
0.326378851663321	0.971766388276592
0.331680230097845	0.160388033604249
0.0688934924546629	0.270489147398621
0.478041482856497	0.414515767712146
0.0214218681212515	0.240043779835105
0.194512537447736	0.358859151368961
0.434443040285259	0.771424493286759
0.952642250340432	0.105842398712412
0.0427131960168481	0.166284577455372
0.749595612753183	0.398842542199418
0.351223918609321	0.365802136948332
0.783080333843827	0.515197520842776
0.824633762706071	0.295051553519443
0.671784458681941	0.363473728764802
0.945315959863365	0.816482337424532
0.722257290966809	0.822650126647204
0.793576711555943	0.587448063539341
0.858968143584207	0.947872155578807
0.31644138135016	0.873671755660325
0.711053982842714	0.279936634469777
0.0659403125755489	0.688983719330281
0.806934013497084	0.846056049922481
0.343683362705633	0.162860201206058
0.0576042078901082	0.144660955527797
0.751226663822308	0.681067490717396
0.30838150344789	0.362256709951907
0.422591749578714	0.494898275006562
0.0421394126024097	0.210439252434298
0.261360333533958	0.839811339741573
0.778602228034288	0.672023938037455
0.997032731538638	0.0284799532964826
0.630132691701874	0.953243916854262
0.923616795800626	0.12630635406822
0.941501393681392	0.475994604406878
0.562810117146	0.621650139568374
0.226024574367329	0.241459321929142
0.855808759341016	0.471421371912584
0.910270542837679	0.200155254686251
0.804709844524041	0.729114861227572
0.281196188880131	0.323941280366853
0.666470593074337	0.126534129260108
0.943702416261658	0.214729845523834
0.508289997000247	0.00507019343785942
0.0840353032108396	0.536561709130183
0.181937561137602	0.0422683160286397
0.699979393975809	0.126955003710464
0.324962082784623	0.827922196360305
0.426839060615748	0.838148780865595
0.844794037053362	0.216259166132659
0.664357410976663	0.30756816198118
0.473691984545439	0.684475722489879
0.176282415864989	0.88902075518854
0.709769688779488	0.315653776982799
0.440591491758823	0.208450687816367
0.540407626889646	0.813190497457981
0.816284325672314	0.952528934460133
0.478375370614231	0.534612062619999
0.487752442248166	0.645482688909397
0.230620752088726	0.867057306459174
0.624313266016543	0.0709868967533112
0.90790628339164	0.545830509858206
0.0318716431502253	0.916134398663417
0.0743942919652909	0.100250131217763
0.540008008945733	0.0708156342152506
0.107018655398861	0.0755150851327926
0.475252276519313	0.632329667219892
0.259500750573352	0.79547551786527
0.367538147605956	0.942879421403632
0.794295656029135	0.474867838900536
0.00843893014825881	0.337362715741619
0.956588493194431	0.643581640440971
0.880175604950637	0.894736988237128
0.541636539855972	0.631466157035902
0.745238204253837	0.444015166722238
0.236090045655146	0.681348383659497
