0.30330429947935	0.937104005599394	0.90800650191734	0.762910063671294	1.70001406927069
0.700535508105531	0.425260924035683	0.509250001883325	0.500597579949921	0.925858503985605
0.907958052586764	0.232392724370584	0.175612174742851	0.311734432380342	0.544127156750926
0.540774567751214	0.65207419754006	0.707562866873488	0.652275310863137	1.3043495084032
0.806967536918819	0.924995906185359	0.348803394359175	0.322589294901898	1.24758520108726
0.743679533014074	0.346013101749122	0.446940752175969	0.485285886927787	0.83129898867691
0.144840939203277	0.752841714536771	0.979021102330713	1.06555899071419	1.81840070525096
0.378875420661643	0.805927608394995	0.856453415618463	0.815437395568569	1.62136500396356
0.927778254961595	0.428488467587158	0.139227509620418	0.285143133033881	0.713631600621039
0.275380851468071	0.76585232373327	0.92416538664472	0.935635216030269	1.70148753976354
0.545427179895341	0.997633775463328	0.702509191431415	0.476193315709783	1.47382709117311
0.454328928608447	0.556582588003948	0.7935852246295	0.768556802428767	1.32513939043272
0.315309287281707	0.942864404758438	0.900580053353902	0.745883744089784	1.68874814884822
0.484853230649605	0.815347373718396	0.764917344728641	0.705330740668698	1.52067811438709
0.279684771317989	0.0157679545227438	0.921776428692804	0.707189380815154	0.722957335337898
0.0637996774166822	0.207149009918794	0.995929601161527	1.0123609033459	1.2195099132647
0.822431743843481	0.741191357607022	0.323606026718571	0.391453524121182	1.1326448817282
0.206219105282798	0.0600939504802227	0.957473680616362	0.864551781081212	0.924645731561434
0.532726616365835	0.239903191104531	0.716202352215408	0.670437682979981	0.910340874084512
0.240113122388721	0.318172501400113	0.942345688456739	1.03716773624677	1.35534023764688
0.878456527134404	0.171441467944533	0.228314129934963	0.288469264077493	0.459910732022025
0.544169125147164	0.597268646815792	0.70387996323657	0.647484204115649	1.24475285093144
0.977758148917928	0.0786667994689196	0.0439890022245862	0.171057697678142	0.249724497147062
0.790984340244904	0.398630348267034	0.374343773487334	0.416921350483427	0.815551698750461
0.170190281234682	0.378236965509132	0.97103526817326	1.12873640301224	1.50697336852137
0.142875401070341	0.135425015119836	0.979586619768989	0.9888632147576	1.12428822987744
0.705907706171274	0.644202694064006	0.50169431036801	0.459969439394487	1.10417213345849
0.172052127076313	0.929469661554322	0.970398065568516	0.930054801263286	1.85952446281761
0.576784253353253	0.500138505594805	0.667319925083731	0.624142524826195	1.124281030421
0.408229938941076	0.819611858809367	0.833348316952165	0.774893615318388	1.59450547412775
0.777270843042061	0.505478670820594	0.395850036556684	0.397104708328221	0.902583379148815
0.544653272721916	0.086285013705492	0.703352812513306	0.5011558066644	0.587440820369892
0.526425618678331	0.690185927553102	0.722876067999136	0.675407520485268	1.36559344803837
0.554028442362323	0.956057980656624	0.693052485053578	0.505835567855194	1.46189354851182
0.827753155957907	0.560431340709329	0.314824712801724	0.33755701423217	0.897988354941499
0.372405950911343	0.527488764375448	0.861313807725818	0.877685668050297	1.40517443242575
0.203447281382978	0.627822262234986	0.958609203697875	1.05950324554586	1.68732550778084
0.75574503117241	0.635714168427512	0.428849447858214	0.404810586791957	1.04052475521947
0.383265473414212	0.127296411199495	0.85310757688858	0.709416647703118	0.836713058902613
0.539206200977787	0.771191416773945	0.709256672827102	0.676009181905774	1.44720059867972
0.615756516577676	0.0888109328225255	0.620843912292126	0.436358818061813	0.525169750884339
0.971393412444741	0.206876168726012	0.0563948382589622	0.248879180056993	0.455755348783005
0.820159698370844	0.553260470507666	0.327338069168246	0.345775327016452	0.899035797524118
0.175917871529236	0.196749272523448	0.969052902476623	1.03350707933826	1.23025635186171
0.667459794320166	0.644128793152049	0.554497422966082	0.502062443828075	1.14619123698012
0.145400405395776	0.25121182273142	0.978858722110744	1.07719373003348	1.3284055527649
0.0519752360414714	0.950758035527542	0.997298574838433	0.922602769766845	1.87336080529439
0.9424896358978	0.617718426510692	0.111713286225232	0.236172573133018	0.85389099964371
0.675895200809464	0.413994220551103	0.543165677522734	0.531293621721266	0.945287842272369
0.104781319387257	0.810936563415453	0.989020875107466	1.06613708223065	1.8770736456461
0.896919832797721	0.264339356683195	0.195534813534108	0.345344335598795	0.60968369228199
0.0263611094560474	0.601483433274552	0.999305091908246	1.06507516174898	1.66655859502354
0.984642698895186	0.952638247283176	0.0304787555124038	0.193907038925231	1.14654528620841
0.0760882943868637	0.166464522015303	0.994210571457298	0.992034633419861	1.15849915543516
0.813194926828146	0.474298265064135	0.338714010980966	0.370171437912569	0.844469702976704
0.673184173181653	0.487210034625605	0.546823068977734	0.513094382585459	1.00030441721106
0.913611285854131	0.282314073061571	0.165314418359961	0.346379345477437	0.628693418539008
0.485968030057847	0.557858285261318	0.763835073761695	0.727706839197244	1.28556512445856
0.213041635695845	0.706416778964922	0.954613261460039	1.02436201931571	1.73077879828063
0.355437258491293	0.475810854695737	0.873664355276194	0.90491537592526	1.380726230621
0.575819401536137	0.251367166172713	0.668432016814565	0.637168510269423	0.888535676442136
0.45201965351589	0.0919526526704431	0.795678232835375	0.600083205585792	0.692035858256235
0.232592103071511	0.546263316879049	0.945900913588772	1.04828211990795	1.594545436787
0.602686278754845	0.553119184682146	0.636769249400637	0.582147321003255	1.1352665056854
0.452555583091453	0.74620442930609	0.795193444212755	0.762470107985064	1.50867453729115
0.475877676857635	0.431789983995259	0.77354043666858	0.762765626653181	1.19455561064844
0.610181980067864	0.668867967789993	0.627677951200461	0.574180768547388	1.24304873633738
0.770645406330004	0.62833378277719	0.406105657702463	0.387023397890269	1.01535718066746
0.763937968527898	0.421487251995131	0.416398780241468	0.435369079659469	0.8568563316546
0.851166334468871	0.0240761921741068	0.275515871066825	0.210139610714902	0.234215802889009
0.617899663280696	0.383774763671681	0.618200006117603	0.606180416918033	0.989955180589714
0.543413485400379	0.930880100466311	0.704701783885012	0.538741447640442	1.46962154810675
0.896192278712988	0.105147253023461	0.196839399575222	0.231905078682904	0.337052331706365
0.332254108972847	0.215203424217179	0.889607207070659	0.854505622928974	1.06970904714615
0.30554039333947	0.932698513381183	0.906645068037962	0.764982691117984	1.69768120449917
0.36796126421541	0.593492168001831	0.864604508036997	0.8728248286433	1.46631699664513
0.673488545231521	0.385367261478677	0.546413179441929	0.543688940532612	0.929056202011289
0.970220497110859	0.46929690381512	0.0586721869859586	0.240535667469766	0.709832571284886
0.796775851864368	0.102782507659867	0.365148241885811	0.29796480972009	0.400747317379957
0.153247691690922	0.39505181950517	0.976515144991404	1.1309538310147	1.52600565051987
0.387699504150078	0.387768693966791	0.849689094481784	0.873724684063961	1.26149337803075
0.131169728003442	0.344130430370569	0.982794502455503	1.11529006618185	1.45942049655242
0.858314492274076	0.853330887621269	0.263296232352296	0.337598156818287	1.19092904443956
0.335003648186103	0.890571704367176	0.887772555702002	0.777048866184157	1.66762057055133
0.396572604076937	0.286479534348473	0.842730169695637	0.861543925894915	1.14802346024339
0.419468113686889	0.436624389607459	0.824046501599963	0.831038795388799	1.26766318499626
0.400552184786648	0.0954456990584731	0.839557947262643	0.657489135939918	0.752934834998391
0.435594499809667	0.711492189206183	0.810257431735566	0.780854063821544	1.49234625302773
0.0213081412948668	0.635127748828381	0.999545963114558	1.05495937329018	1.69008712211856
0.478519469266757	0.935103772673756	0.771019117532661	0.595912297743598	1.53101607041735
0.539925747318193	0.69344053347595	0.708480187382891	0.66041180256503	1.35385233604098
0.946274431655183	0.159796243766323	0.10456469999566	0.234769283802786	0.394565527569108
0.0767613919451833	0.323326090583578	0.994107688706638	1.08511696323238	1.40844305381596
0.84207057999447	0.810529760550708	0.290917138307777	0.383399591029399	1.19392935158011
0.487611970864236	0.419213277986273	0.762234565869895	0.750803920939415	1.17001719892569
0.435285990592092	0.246546403970569	0.810526106394261	0.780398651506725	1.02694505547729
0.569468622328714	0.817147601163015	0.675705488183037	0.621779789709611	1.43892739087263
0.500664348015562	0.0742595312185585	0.749335210626152	0.532645937664359	0.606905468882918
0.400295602390543	0.259923878125846	0.839763430706793	0.830686172218755	1.0906100503446
0.686382813611999	0.68051263387315	0.528878633178076	0.493947408893118	1.17446004276627
0.662765074288473	0.61082295072265	0.560742456303395	0.502826749463246	1.1136497001859
0.97222859878093	0.104894670424983	0.0547715517124694	0.187583672894787	0.29247834331977
0.229795618215576	0.0959779899567366	0.947193973848921	0.866000636965899	0.961978626922636
0.830835322849452	0.342626116471365	0.309712666305646	0.402882968993986	0.745509085465352
0.144568798132241	0.798028877237812	0.979099862606599	1.04333272428646	1.84136160152427
0.933050634339452	0.493929462973028	0.129416513758747	0.261734557219636	0.755664020192664
0.377067219931632	0.21373128099367	0.85782031165303	0.806936645261817	1.02066792625549
0.108605303103104	0.157073119888082	0.988204888137883	1.0010714096382	1.15814452952628
0.49285097210668	0.066411956679076	0.7570979192935	0.532611858280592	0.599023814959668
0.749451029580086	0.46369436243549	0.438323154261348	0.436634439878	0.90032880231349
0.893143964232877	0.319337196880952	0.202293859154381	0.359204856388449	0.6785420532694
0.88285020692274	0.873995484551415	0.220575512136476	0.304751829819008	1.17874731437042
0.961748211877421	0.164664639392868	0.0750403769505842	0.228154765107983	0.392819404500851
0.764472702285275	0.360444195568562	0.415581487460649	0.45837119647846	0.818815392047022
0.280105164041743	0.749110516859218	0.921541097077148	0.936991778230709	1.68610229508993
0.0738570706453174	0.469552257796749	0.994545133115693	1.11765558404864	1.58720784184539
0.489815855165944	0.304256257833913	0.760080428028055	0.77023186417583	1.07448812200974
0.994762744521722	0.148111028596759	0.0104470821116108	0.198947848401737	0.347058876998496
0.906237205024809	0.797313004499301	0.178734128228823	0.343687320881678	1.14100032538098
0.514614193700254	0.767625174019486	0.735172231642238	0.700165452070778	1.46779062609026
0.81629391736351	0.335079985437915	0.333664240475336	0.419768003890073	0.754847989327987
0.838204015279189	0.00693191005848348	0.297414028769845	0.207710524855445	0.214642434913928
0.202661283081397	0.878574303817004	0.958928404339802	0.933718563407397	1.8122928672244
0.66641102405265	0.769865887705237	0.555896347021099	0.549844472787119	1.31971036049236
0.895747510483488	0.737065799999982	0.197636397462633	0.328429623810834	1.06549542381082
0.150901621673256	0.367342002457008	0.977228700576381	1.12594432375557	1.49328632621257
0.562724698334932	0.480387535877526	0.683340913883859	0.645697890212189	1.12608542608971
0.984931062906981	0.67530700028874	0.0299108013209256	0.229447295673783	0.904754295962523
0.559466165257618	0.27462647180073	0.686997609931936	0.678868801864517	0.953495273665246
0.131702961400151	0.820395706454292	0.98265432995843	1.03945721199555	1.85985291844985
0.73634234117344	0.717184537323192	0.457799956595217	0.458451439540632	1.17563597686382
0.957375023281202	0.75728686968796	0.0834330647973185	0.294052121583641	1.0513389912716
0.626975503051654	0.124336264794692	0.606901718573126	0.458858537703446	0.583194802498138
0.906867011450231	0.0699810388032347	0.177592223543326	0.204480944871769	0.274461983675004
0.22634126781486	0.75966406124644	0.948769630483962	0.988706521367085	1.74837058261352
0.743024894269183	0.311777268303558	0.447914006496269	0.50105031835302	0.812827586656579
0.903538957238197	0.936462118523195	0.183617352752911	0.249593476853043	1.18605559537624
0.233216499676928	0.579659276641905	0.945610064278442	1.04038667465998	1.62004595130189
0.021284201880917	0.63416917482391	0.999546982750292	1.05491244051412	1.68908161533803
0.491527338977903	0.118319228524342	0.758400875037301	0.586534120076508	0.70485334860085
0.383197740418836	0.485341564984992	0.853159491737898	0.869694500045178	1.35503606503017
0.758636643644422	0.499908945057541	0.424470442919926	0.417374822727076	0.917283767784617
0.832692884840071	0.930145982187241	0.30662255953672	0.300545972973828	1.23069195516107
0.399691324448213	0.542888854397461	0.840246845160833	0.840832412921526	1.38372126731899
0.853334281360731	0.100903544342145	0.271820604254566	0.256882926362874	0.357786470705019
0.267275788122788	0.123483120696619	0.928563653083343	0.83861437019726	0.962097490893879
0.564890909241512	0.698297858471051	0.680898260656297	0.633001193204254	1.3312990516753
0.869533613556996	0.91514191403985	0.243911294894513	0.285522058714531	1.20066397275438
0.847416337113827	0.980279594892636	0.281885551592584	0.257317826514617	1.23759742140725
0.656844677403569	0.0818492323160172	0.568555069766601	0.393536564079961	0.475385796395978
0.756076676771045	0.66302698594518	0.428348058842853	0.415290080054572	1.07831706599975
0.830875253072008	0.74532324867323	0.309646313832526	0.386467942855067	1.1317911915283
0.136703794822097	0.69726033275947	0.981312072481238	1.09149709389221	1.78875742665168
0.299658780917525	0.161978847114369	0.910204615019023	0.833452097752077	0.995430944866446
0.939401784678921	0.018266023369506	0.117524286942058	0.160231749802813	0.178497773172319
0.208288093330339	0.214664475060999	0.956616070176812	1.00693435038995	1.22159882545095
0.776085766032338	0.124510299880058	0.397690883761999	0.330237097800266	0.454747397680324
0.123664994724095	0.521373539231718	0.98470696907989	1.13319333455905	1.65456687379077
0.970755966147408	0.284327205037698	0.0576328541892127	0.303570249591719	0.587897454629418
0.916112267179415	0.041983800008893	0.160738313923393	0.183954449964	0.225938249972893
0.815501767909154	0.130640829214826	0.334956866537044	0.304740207276734	0.43538103649156
0.7702365166042	0.824770306469873	0.406735708489428	0.431015378931972	1.25578568540184
0.15321218338795	0.569495210191235	0.976526026861497	1.11976339058495	1.68925860077619
0.254482894204557	0.937190496129915	0.935238456557272	0.821989170465369	1.75917966659528
0.099030336830765	0.333594979951158	0.990192992387185	1.10071677373447	1.43431175368562
0.62320221378468	0.261187359457836	0.611619000733874	0.598069780416431	0.859257139874266
0.791963612195104	0.443480102112517	0.372793636958882	0.400053433882328	0.843533535994845
0.0767745706252754	0.64816847932525	0.994105665305305	1.10585711514003	1.75402559446528
0.470747028943151	0.854227184550837	0.778397234741196	0.681337076960134	1.53556426151097
0.826327273389325	0.45113856671378	0.317183237252964	0.364777044744632	0.815915611458413
0.915000495500863	0.71225361363031	0.162774093233176	0.299519987898413	1.01177360152872
0.610101903090253	0.0226473936345428	0.627775667845651	0.382811945082748	0.405459338717291
0.924034945201129	0.619698360795155	0.146159420047147	0.249972382989215	0.86967074378437
0.685094064567238	0.0529701265040785	0.530646122694741	0.345712346582732	0.398682473086811
0.49686043174006	0.514636894920841	0.753129711371081	0.721305291513917	1.23594218643476
0.326378851663321	0.971766388276592	0.893476845186932	0.707319859574928	1.67908624785152
0.331680230097845	0.160388033604249	0.889988224962241	0.798651509082432	0.959039542686682
0.0688934924546629	0.270489147398621	0.995253686697399	1.05577876018596	1.32626790758458
0.478041482856497	0.414515767712146	0.771476340668361	0.763268945497743	1.17778471320989
0.0214218681212515	0.240043779835105	0.999541103566196	1.00571499993278	1.24575877976788
0.194512537447736	0.358859151368961	0.962164872775643	1.09836144358299	1.45722059495195
0.434443040285259	0.771424493286759	0.8112592447477	0.780741811297127	1.55216630458389
0.952642250340432	0.105842398712412	0.0924727428663178	0.198864746193441	0.304707144905853
0.0427131960168481	0.166284577455372	0.998175582886026	0.966437802999042	1.13272238045441
0.749595612753183	0.398842542199418	0.438106417341181	0.458134337344444	0.856976879543862
0.351223918609321	0.365802136948332	0.876641758996713	0.915408706509933	1.28121084345827
0.783080333843827	0.515197520842776	0.38678519074704	0.389053895112101	0.904251415954876
0.824633762706071	0.295051553519443	0.319979157405227	0.431482831557512	0.726534385076955
0.671784458681941	0.363473728764802	0.548705641073411	0.553454358998403	0.916928087763206
0.945315959863365	0.816482337424532	0.106377736027605	0.30127368086244	1.11775601828697
0.722257290966809	0.822650126647204	0.478344405645286	0.474554385555118	1.29720451220232
0.793576711555943	0.587448063539341	0.370236002876056	0.366331843389371	0.953779906928712
0.858968143584207	0.947872155578807	0.262173728307502	0.270758564409761	1.21863071998857
0.31644138135016	0.873671755660325	0.899864852169203	0.810483841420221	1.68415559708055
0.711053982842714	0.279936634469777	0.494402233483514	0.527957353112771	0.807893987582548
0.0659403125755489	0.688983719330281	0.995651875177439	1.09305659538863	1.78204031471891
0.806934013497084	0.846056049922481	0.348857497861487	0.383086965644277	1.22914301556676
0.343683362705633	0.162860201206058	0.881881746199348	0.78869378340484	0.951553984610898
0.0576042078901082	0.144660955527797	0.996681755233353	0.961108553543103	1.1057695090709
0.751226663822308	0.681067490717396	0.435658499562405	0.427733717991728	1.10880120870912
0.30838150344789	0.362256709951907	0.904900848331219	0.960964001373509	1.32322071132542
0.422591749578714	0.494898275006562	0.821416213188001	0.818982780692954	1.31388105569952
0.0421394126024097	0.210439252434298	0.998224269905524	0.999356322135247	1.20979557456955
0.261360333533958	0.839811339741573	0.931690776055018	0.898803610641007	1.73861495038258
0.778602228034288	0.672023938037455	0.393778570500043	0.397108639105237	1.06913257714269
0.997032731538638	0.0284799532964826	0.00592573224060122	0.138684172490587	0.16716412578707
0.630132691701874	0.953243916854262	0.602932790848551	0.440956577606218	1.39420049446048
0.923616795800626	0.12630635406822	0.146932014514984	0.228014683643489	0.354321037711709
0.941501393681392	0.475994604406878	0.113575125695996	0.259910963848376	0.735905568255254
0.562810117146	0.621650139568374	0.683244772038105	0.620945806314735	1.24259594588311
0.226024574367329	0.241459321929142	0.948912891782068	1.00681321196329	1.24827253389243
0.855808759341016	0.471421371912584	0.26759136743519	0.331811677493912	0.803233049406496
0.910270542837679	0.200155254686251	0.171407538841996	0.286237288429396	0.486392543115647
0.804709844524041	0.729114861227572	0.352442066126094	0.400557739380542	1.12967260060811
0.281196188880131	0.323941280366853	0.92092870335929	0.987419974138198	1.31136125450505
0.666470593074337	0.126534129260108	0.555816948567142	0.424558714311428	0.551092843571536
0.943702416261658	0.214729845523834	0.109425749541908	0.272900054612902	0.487629900136736
0.508289997000247	0.00507019343785942	0.741641278949489	0.45831490485869	0.463385098296549
0.0840353032108396	0.536561709130183	0.992938067814262	1.12652027724126	1.66308198637144
0.181937561137602	0.0422683160286397	0.966898723847301	0.882406790886747	0.924675106915387
0.699979393975809	0.126955003710464	0.510028848009259	0.395247889794155	0.522202893504619
0.324962082784623	0.827922196360305	0.89439964475228	0.844861438219202	1.67278363457951
0.426839060615748	0.838148780865595	0.817808416332666	0.739330848159816	1.57747962902541
0.844794037053362	0.216259166132659	0.286323034959084	0.348613438734218	0.564872604866877
0.664357410976663	0.30756816198118	0.558629230480385	0.582977948177507	0.890546110158687
0.473691984545439	0.684475722489879	0.775615903777403	0.736337931388782	1.42081365387866
0.176282415864989	0.88902075518854	0.968924509856803	0.955532457206751	1.84455321239529
0.709769688779488	0.315653776982799	0.496226988889868	0.532756006543317	0.848409783526117
0.440591491758823	0.208450687816367	0.805879137389735	0.734641962732929	0.943092650549296
0.540407626889646	0.813190497457981	0.707959596799501	0.653624951213057	1.46681544867104
0.816284325672314	0.952528934460133	0.333679899661696	0.296388547645314	1.24891748210545
0.478375370614231	0.534612062619999	0.771157004789698	0.741378974173228	1.27599103679323
0.487752442248166	0.645482688909397	0.76209755508095	0.716488672016305	1.3619713609257
0.230620752088726	0.867057306459174	0.946814068706031	0.911077093402335	1.77813439986151
0.624313266016543	0.0709868967533112	0.610232945875757	0.412566421110837	0.483553317864148
0.90790628339164	0.545830509858206	0.17570618057798	0.270721895679844	0.81655240553805
0.0318716431502253	0.916134398663417	0.998984198362905	0.936428372865181	1.8525627715286
0.0743942919652909	0.100250131217763	0.994465489322983	0.938613217547895	1.03886334876566
0.540008008945733	0.0708156342152506	0.708391350274465	0.490665822880595	0.561481457095846
0.107018655398861	0.0755150851327926	0.98854700739662	0.934633511764156	1.01014859689695
0.475252276519313	0.632329667219892	0.77413527366321	0.731198438504929	1.36352810572482
0.259500750573352	0.79547551786527	0.932659360451867	0.936860911312278	1.73233642917755
0.367538147605956	0.942879421403632	0.864915710054383	0.695438418234831	1.63831783963846
0.794295656029135	0.474867838900536	0.369094410813246	0.388226514337515	0.863094353238051
0.00843893014825881	0.337362715741619	0.999928784457953	1.04537581073277	1.38273852647439
0.956588493194431	0.643581640440971	0.0849384546880079	0.234021826861901	0.877603467302872
0.880175604950637	0.894736988237128	0.225290904449781	0.292180611928472	1.1869176001656
0.541636539855972	0.631466157035902	0.70662985869285	0.647945383770089	1.27941154080599
0.745238204253837	0.444015166722238	0.444620018920516	0.447019697934636	0.891034864656875
0.236090045655146	0.681348383659497	0.944261490342551	1.00872171139053	1.69007009505003
	0.12183608268957	
	0.819153146488317	
	0.945993621659618	
	0.574799240902487	
	0.144382573540327	
	0.880274933417952	
	0.433229352853335	
	0.350480690026723	
	0.816397633144809	
	0.41347021823235	
	0.00472685005478657	
	0.690215822730827	
	0.111006714239515	
	0.335208660170515	
	0.999751371610169	
	0.957089287689663	
	0.45063537140866	
	0.996388717115681	
	0.942446458897863	
	0.898766259352795	
	0.970607823069024	
	0.643270163530833	
	0.993811534661317	
	0.841093845440503	
	0.856936797922444	
	0.981660065279792	
	0.585002888960676	
	0.136086148250095	
	0.749861475221395	
	0.328236400899055	
	0.744491313345446	
	0.992554896409843	
	0.523643385407664	
	0.0859531376227787	
	0.685916712350744	
	0.721755603457663	
	0.605839207042145	
	0.595867496060517	
	0.983795623695729	
	0.405263798694195	
	0.992112618211193	
	0.957202250813247	
	0.693902851773636	
	0.961289723761494	
	0.585098097832485	
	0.936892620119957	
	0.0960591578798088	
	0.618423945549155	
	0.828608785350284	
	0.342381890115935	
	0.930124704508315	
	0.638217679496257	
	0.0924803698132391	
	0.972289562910217	
	0.775041155757151	
	0.762626382160117	
	0.920298764151386	
	0.688794133565302	
	0.500975334396825	
	0.773604030553712	
	0.9368145477703	
	0.991544709666869	
	0.7015963886323	
	0.694059167536558	
	0.443178949683973	
	0.813557409721374	
	0.552615641664485	
	0.605196657420907	
	0.822348496405593	
	0.999420336970395	
	0.852716930768745	
	0.133462238555831	
	0.98894405518162	
	0.953687486205201	
	0.130073483136531	
	0.647767046520487	
	0.851492073780425	
	0.779760416069542	
	0.989435756119149	
	0.843934059905655	
	0.849635439979289	
	0.881574246892967	
	0.271826396231498	
	0.206882039380544	
	0.917929476399482	
	0.809359142399914	
	0.990890118531239	
	0.493778864698593	
	0.596612742668193	
	0.125580934331309	
	0.519140226532589	
	0.974465160478174	
	0.89546023914794	
	0.343041507261613	
	0.824260227560004	
	0.939214870689181	
	0.332269797913531	
	0.9944855220232	
	0.93243957758002	
	0.536902555139029	
	0.626895322870475	
	0.988997108116434	
	0.990788225443865	
	0.882607344311751	
	0.363149911094558	
	0.756033685607176	
	0.954318939524805	
	0.975328035008624	
	0.995589452010057	
	0.784987538245545	
	0.898023754688216	
	0.236131892983738	
	0.972885556533617	
	0.870079981880933	
	0.438833433530915	
	0.779520677197975	
	0.907428129568904	
	0.97806312320801	
	0.364291972856297	
	0.410751592211554	
	0.887721403358927	
	0.999951948622941	
	0.228107192672467	
	0.407306514947828	
	0.456734006470386	
	0.865059853230876	
	0.769227815373519	
	0.543960455361024	
	0.924580300986283	
	0.326950884831363	
	0.485646339424519	
	0.426516596998211	
	0.984540493256904	
	0.99510265420802	
	0.422910514050565	
	0.902794934969171	
	0.123038700571049	
	0.663995123002983	
	0.597829457703161	
	0.986000560161404	
	0.764443565297919	
	0.750091046651456	
	0.134828451820932	
	0.705271691771013	
	0.989818474739193	
	0.984751918903024	
	0.512380100854744	
	0.162515277167479	
	0.0390519158371295	
	0.993300703169279	
	0.56039521590845	
	0.444493254987182	
	0.513828028360154	
	0.9737628530875	
	0.999666352390265	
	0.953919163146786	
	0.984497185223778	
	0.728169632588993	
	0.919158040475451	
	0.998237360536813	
	0.982932973742063	
	0.319753941565592	
	0.675675205569241	
	0.121673973963764	
	0.888714389351386	
	0.931781163259443	
	0.803325399030272	
	0.579877622409193	
	0.270295917174351	
	0.796473993623436	
	0.492694789870565	
	0.999487095561562	
	0.615973941627798	
	0.997194165698142	
	0.735148866386235	
	0.055670086615868	
	0.974275678676562	
	0.926835621139567	
	0.82817667831801	
	0.942378983762476	
	0.871220109478749	
	0.404904251157268	
	0.988797386634803	
	0.972349439300489	
	0.840924626531905	
	0.866188796604034	
	0.734571514517458	
	0.912944580765763	
	0.867886848497811	
	0.333356592673773	
	0.323246769127339	
	0.654904772643878	
	0.101538376678386	
	0.236697663361405	
	0.921635480681734	
	0.525301434497813	
	0.284189160389568	
	0.973476554863122	
	0.979073207945785	
	0.53614707308791	
	0.86877007609482	
	0.755075697395529	
	0.955715321034894	
	0.294716913641465	
	0.548383826704631	
	0.99918889226023	
	0.0913260349803442	
	0.984046704921994	
	0.773429136575539	
	0.613551103974622	
	0.941697395853519	
	0.777761890104057	
	0.959937874021482	
	0.468391519137098	
	0.895062046874284	
	0.983989114132386	
	0.95389109344131	
	0.999974293138503	
	0.712101532295297	
	0.998213389460103	
	0.983882427032876	
	0.314544836773929	
	0.297506621133517	
	0.953231973063607	
	0.905401825735518	
	0.531492985321959	
	0.209642096843999	
	0.900362693076493	
	0.956548310748884	
	0.338721214844041	
	0.0926886290162431	
	0.71418994250119	
	0.583352098318295	
	0.248211627315763	
	0.994960860489335	
	0.702069054507931	
	0.16069776358562	
	0.989949911190821	
	0.994985145950692	
	0.994297471917387	
	0.60015919195358	
	0.36721870047698	
	0.110978396693553	
	0.774500535577934	
	0.886186398027439	
	0.585802672087309	
	0.199445721880354	
	0.601250492518309	
	0.802850531720623	
	0.535764380084591	
